 0.7473433688360838E+00  0.1779246313778714E+00  0.1692E-12    0
 0.6934219937583268E+00  0.5478297505824697E+00  0.2559E-13    1
 0.6021069092247328E+00  0.9565539664461437E+00  0.8002E-13    2
 0.5030099243711814E+00  0.1410296404866991E+01  0.2623E-11    3
 0.4150291596261321E+00  0.1893689781732703E+01  0.1315E-13    4
 0.3385988061860866E+00  0.2391216108271694E+01  0.4648E-12    5
 0.2665046804903783E+00  0.2895821252324076E+01  0.7789E-13    6
 0.1856446673404036E+00  0.3407682344412271E+01  0.7457E-12    7
 0.4615178773933189E-15  0.3999999999999607E+01  0.9154E-10    8
 0.1265270102512238E+00  0.4605289530317062E+01  0.4319E-14    9
 0.1531069257719772E+00  0.5121653234763015E+01  0.2520E-12   10
 0.1651962892832611E+00  0.5630884745215980E+01  0.6794E-11   11
 0.1714558441266416E+00  0.6137389487862376E+01  0.3972E-11   12
 0.1747885247472037E+00  0.6642460476865121E+01  0.2407E-10   13
 0.1764778815211766E+00  0.7146641396615844E+01  0.1407E-15   14
 0.1771807742403289E+00  0.7650210416290808E+01  0.3546E-14   15
 0.1772658049187507E+00  0.8153329177350889E+01  0.6400E-11   16
 0.1772658049187602E+00  0.8153329177350894E+01  0.3019E-13   17
 0.1769534131502033E+00  0.8656100419105357E+01  0.3271E-12   18
 0.1756402482612833E+00  0.9660859498142637E+01  0.7017E-15   19
 0.1763816962479461E+00  0.9158593913799265E+01  0.6755E-13   20
 0.1756402482612960E+00  0.9660859498142628E+01  0.2051E-14   21
 0.1747887765199997E+00  0.1016293419901730E+02  0.2031E-10   22
 0.1738679005724288E+00  0.1066484640112293E+02  0.1912E-11   23
 0.1729056889963548E+00  0.1116661842213542E+02  0.9935E-13   24
 0.1719217573281873E+00  0.1166826817813525E+02  0.6927E-14   25
 0.1709299134350452E+00  0.1216981030283798E+02  0.4720E-10   26
 0.1699399081388624E+00  0.1267125692471668E+02  0.6834E-11   27
 0.1689586186240672E+00  0.1317261822190575E+02  0.1045E-11   28
 0.1679908632304414E+00  0.1367390282812926E+02  0.1714E-12   29
 0.1670399714594701E+00  0.1417511813596289E+02  0.2933E-13   30
 0.1661081883086030E+00  0.1467627052760433E+02  0.6040E-14   31
 0.1651969645795939E+00  0.1517736555334947E+02  0.2398E-14   32
 0.1643071675273751E+00  0.1567840807161911E+02  0.5313E-10   33
 0.1634392351133304E+00  0.1617940236023077E+02  0.2065E-10   34
 0.1625932898539691E+00  0.1668035220583626E+02  0.8298E-11   35
 0.1617692234118236E+00  0.1718126097655159E+02  0.3437E-11   36
 0.1609667597963747E+00  0.1768213168148729E+02  0.1467E-11   37
 0.1601855027917950E+00  0.1818296701995452E+02  0.6460E-12   38
 0.1594249716650611E+00  0.1868376942245027E+02  0.2905E-12   39
 0.1586846281055427E+00  0.1918454108503657E+02  0.1323E-12   40
 0.1579638965648975E+00  0.1968528399836372E+02  0.6475E-13   41
 0.1572621796030705E+00  0.2018599997231918E+02  0.2949E-13   42
 0.1565788694385041E+00  0.2068669065707676E+02  0.1576E-13   43
 0.1559133566021787E+00  0.2118735756116279E+02  0.8206E-14   44
 0.1552650363745736E+00  0.2168800206703740E+02  0.4338E-14   45
 0.1546333135219488E+00  0.2218862544459104E+02  0.7691E-15   46
 0.1540176057259788E+00  0.2268922886288484E+02  0.2724E-14   47
 0.1534173460085879E+00  0.2318981340040241E+02  0.8661E-10   48
 0.1528319843843727E+00  0.2369038005403484E+02  0.5963E-10   49
 0.1522609889203899E+00  0.2419092974698407E+02  0.4143E-10   50
 0.1517038463420402E+00  0.2469146333573349E+02  0.2905E-10   51
 0.1511600622937460E+00  0.2519198161622127E+02  0.2054E-10   52
 0.1506291613370542E+00  0.2569248532931688E+02  0.1464E-10   53
 0.1501106867531806E+00  0.2619297516569724E+02  0.1051E-10   54
 0.1496042001993679E+00  0.2669345177019894E+02  0.7602E-11   55
 0.1491092812602222E+00  0.2719391574571147E+02  0.5540E-11   56
 0.1486255269242601E+00  0.2769436765666918E+02  0.4061E-11   57
 0.1481525510090264E+00  0.2819480803219046E+02  0.2994E-11   58
 0.1476899835549167E+00  0.2869523736890562E+02  0.2226E-11   59
 0.1472374702013901E+00  0.2919565613350992E+02  0.1659E-11   60
 0.1467946715558977E+00  0.2969606476507253E+02  0.1248E-11   61
 0.1463612625651670E+00  0.3019646367713022E+02  0.9397E-12   62
 0.1459369318944921E+00  0.3069685325958717E+02  0.7163E-12   63
 0.1455213813198233E+00  0.3119723388044447E+02  0.5445E-12   64
 0.1451143251362437E+00  0.3169760588737446E+02  0.4167E-12   65
 0.1447154895847830E+00  0.3219796960915886E+02  0.3221E-12   66
 0.1443246123001570E+00  0.3269832535700273E+02  0.2507E-12   67
 0.1439414417797343E+00  0.3319867342573757E+02  0.1930E-12   68
 0.1435657368730812E+00  0.3369901409492424E+02  0.1519E-12   69
 0.1431972662960192E+00  0.3419934762986618E+02  0.1191E-12   70
 0.1428358081636407E+00  0.3469967428254019E+02  0.9319E-13   71
 0.1424811495477764E+00  0.3519999429245423E+02  0.7347E-13   72
 0.1421330860531389E+00  0.3570030788743704E+02  0.5969E-13   73
 0.1417914214150698E+00  0.3620061528436833E+02  0.4506E-13   74
 0.1414559671170200E+00  0.3670091668985228E+02  0.3987E-13   75
 0.1411265420273056E+00  0.3720121230084215E+02  0.2692E-13   76
 0.1408029720529571E+00  0.3770150230521651E+02  0.2275E-13   77
 0.1404850898122705E+00  0.3820178688231599E+02  0.1885E-13   78
 0.1401727343231312E+00  0.3870206620344043E+02  0.1637E-13   79
 0.1398657507083560E+00  0.3920234043231041E+02  0.1765E-13   80
 0.1395639899147986E+00  0.3970260972549755E+02  0.9608E-14   81
 0.1392673084476508E+00  0.4020287423282377E+02  0.1038E-13   82
 0.1389755681182129E+00  0.4070313409773568E+02  0.6030E-14   83
 0.1386886358035299E+00  0.4120338945765085E+02  0.2731E-14   84
 0.1384063832211766E+00  0.4170364044428284E+02  0.2607E-14   85
 0.1381286867117388E+00  0.4220388718394697E+02  0.2795E-14   86
 0.1378554270358270E+00  0.4270412979783986E+02  0.3007E-14   87
 0.1375864891776692E+00  0.4320436840230970E+02  0.1096E-13   88
 0.1373217621633057E+00  0.4370460310910322E+02  0.5901E-14   89
 0.1370611388837547E+00  0.4420483402559613E+02  0.1768E-14   90
 0.1368045159279188E+00  0.4470506125501802E+02  0.1242E-14   91
 0.1365517934270999E+00  0.4520528489665399E+02  0.1057E-14   92
 0.1363028749029145E+00  0.4570550504603878E+02  0.4855E-14   93
 0.1360576671247287E+00  0.4620572179513847E+02  0.2267E-14   94
 0.1358160799742023E+00  0.4670593523252078E+02  0.9128E-10   95
 0.1355780263155960E+00  0.4720614544351885E+02  0.8202E-10   96
 0.1353434218730974E+00  0.4770635251037985E+02  0.7379E-10   97
 0.1351121851126772E+00  0.4820655651240922E+02  0.6648E-10   98
 0.1348842371347030E+00  0.4870675752610304E+02  0.5997E-10   99
 0.1346595015681071E+00  0.4920695562528200E+02  0.5415E-10  100
 0.1344379044572492E+00  0.4970715088121218E+02  0.4896E-10  101
 0.1342193741808488E+00  0.5020734336269871E+02  0.4432E-10  102
 0.1340038413610776E+00  0.5070753313623150E+02  0.4016E-10  103
 0.1337912387506801E+00  0.5120772026604176E+02  0.3644E-10  104
 0.1335815011929482E+00  0.5170790481424667E+02  0.3309E-10  105
 0.1333745654976151E+00  0.5220808684088626E+02  0.3010E-10  106
 0.1331703703876291E+00  0.5270826640407234E+02  0.2739E-10  107
 0.1329688564428245E+00  0.5320844356001591E+02  0.2495E-10  108
 0.1327699659890609E+00  0.5370861836312382E+02  0.2276E-10  109
 0.1325736430566434E+00  0.5420879086609300E+02  0.2078E-10  110
 0.1323798333261557E+00  0.5470896111996121E+02  0.1898E-10  111
 0.1321884840566399E+00  0.5520912917417097E+02  0.1737E-10  112
 0.1319995440241485E+00  0.5570929507663651E+02  0.1590E-10  113
 0.1318129634701272E+00  0.5620945887381001E+02  0.1457E-10  114
 0.1316286940500562E+00  0.5670962061073487E+02  0.1336E-10  115
 0.1314466887838191E+00  0.5720978033110287E+02  0.1227E-10  116
 0.1312669020064507E+00  0.5770993807730625E+02  0.1127E-10  117
 0.1310892893187236E+00  0.5821009389049087E+02  0.1036E-10  118
 0.1309138075350630E+00  0.5871024781059782E+02  0.9545E-11  119
 0.1307404146473631E+00  0.5921039987639035E+02  0.8786E-11  120
 0.1305690698225383E+00  0.5971055012550780E+02  0.8098E-11  121
 0.1303997333364077E+00  0.6021069859457619E+02  0.7477E-11  122
 0.1302323664342256E+00  0.6071084531917131E+02  0.6901E-11  123
 0.1300669314730426E+00  0.6121099033375985E+02  0.6379E-11  124
 0.1299033918465593E+00  0.6171113367203477E+02  0.5892E-11  125
 0.1297417117167126E+00  0.6221127536660519E+02  0.5454E-11  126
 0.1295818564649865E+00  0.6271141544926039E+02  0.5051E-11  127
 0.1294237920263264E+00  0.6321155395091696E+02  0.4686E-11  128
 0.1292674855790309E+00  0.6371169090166802E+02  0.4345E-11  129
 0.1291129047637225E+00  0.6421182633071211E+02  0.4032E-11  130
 0.1289600183351652E+00  0.6471196026670782E+02  0.3742E-11  131
 0.1288087957420839E+00  0.6521209273721892E+02  0.3478E-11  132
 0.1286592070195915E+00  0.6571222376934895E+02  0.3225E-11  133
 0.1285112232080199E+00  0.6621235338952060E+02  0.3009E-11  134
 0.1283648160073748E+00  0.6671248162327171E+02  0.2809E-11  135
 0.1282199576625183E+00  0.6721260849555094E+02  0.2613E-11  136
 0.1280766211351668E+00  0.6771273403077782E+02  0.2429E-11  137
 0.1279347801072482E+00  0.6821285825274302E+02  0.2271E-11  138
 0.1277944088956690E+00  0.6871298118459704E+02  0.2117E-11  139
 0.1276554824059428E+00  0.6921310284890485E+02  0.1972E-11  140
 0.1275179761226712E+00  0.6971322326768151E+02  0.1849E-11  141
 0.1273818661037366E+00  0.7021334246241014E+02  0.1720E-11  142
 0.1272471289725578E+00  0.7071346045405761E+02  0.1616E-11  143
 0.1271137419000930E+00  0.7121357726308857E+02  0.1509E-11  144
 0.1269816825918829E+00  0.7171369290948735E+02  0.1419E-11  145
 0.1268509292571602E+00  0.7221380741278512E+02  0.1328E-11  146
 0.1267214605610133E+00  0.7271392079206451E+02  0.1239E-11  147
 0.1265932555997464E+00  0.7321403306591355E+02  0.1159E-11  148
 0.1264662939793576E+00  0.7371414425237064E+02  0.1088E-11  149
 0.1263405559660609E+00  0.7421425436907361E+02  0.1034E-11  150
 0.1262160222874848E+00  0.7471436343357931E+02  0.9648E-12  151
 0.1260926736050682E+00  0.7521447146308478E+02  0.9011E-12  152
 0.1259704910418178E+00  0.7571457847369217E+02  0.8571E-12  153
 0.1258494570536312E+00  0.7621468448146472E+02  0.8024E-12  154
 0.1257295535681793E+00  0.7671478950302590E+02  0.7557E-12  155
 0.1256107625838047E+00  0.7721489355302094E+02  0.7061E-12  156
 0.1254930681923813E+00  0.7771499664684292E+02  0.6686E-12  157
 0.1253764524347533E+00  0.7821509879977965E+02  0.6362E-12  158
 0.1252609000285209E+00  0.7871520002523455E+02  0.5950E-12  159
 0.1251463941584792E+00  0.7921530033881901E+02  0.5542E-12  160
 0.1250329198618941E+00  0.7971539975276771E+02  0.5335E-12  161
 0.1249204609665051E+00  0.8021549828232168E+02  0.5061E-12  162
 0.1248090036425309E+00  0.8071559593924771E+02  0.4714E-12  163
 0.1246985314950918E+00  0.8121569273754879E+02  0.4491E-12  164
 0.1245890320475565E+00  0.8171578868991070E+02  0.4191E-12  165
 0.1244804896667973E+00  0.8221588380765613E+02  0.4012E-12  166
 0.1243728906990289E+00  0.8271597810478738E+02  0.3759E-12  167
 0.1242662228692473E+00  0.8321607159216192E+02  0.3616E-12  168
 0.1241604714645512E+00  0.8371616428086986E+02  0.3350E-12  169
 0.1240556233173781E+00  0.8421625618376504E+02  0.3180E-12  170
 0.1239516668656844E+00  0.8471634731200669E+02  0.3066E-12  171
 0.1238485894900984E+00  0.8521643767558251E+02  0.2923E-12  172
 0.1237463780655381E+00  0.8571652728527597E+02  0.2718E-12  173
 0.1236450203841028E+00  0.8621661615232158E+02  0.2566E-12  174
 0.1235445050619495E+00  0.8671670428739218E+02  0.2451E-12  175
 0.1234448208588213E+00  0.8721679170047899E+02  0.2309E-12  176
 0.1233459564433214E+00  0.8771687840128324E+02  0.2206E-12  177
 0.1232479005369543E+00  0.8821696439945224E+02  0.2109E-12  178
 0.1231506420801015E+00  0.8871704970458229E+02  0.1969E-12  179
 0.1230541702791950E+00  0.8921713432614040E+02  0.1902E-12  180
 0.1229584745896020E+00  0.8971721827340865E+02  0.1887E-12  181
 0.1228635446742540E+00  0.9021730155546895E+02  0.1718E-12  182
 0.1227693703812916E+00  0.9071738418120266E+02  0.1583E-12  183
 0.1226759417379148E+00  0.9121746615928491E+02  0.1663E-12  184
 0.1225832489737043E+00  0.9171754749817862E+02  0.1432E-12  185
 0.1224912825699542E+00  0.9221762820616392E+02  0.1432E-12  186
 0.1224000333101934E+00  0.9271770829141863E+02  0.1306E-12  187
 0.1223094922153052E+00  0.9321778776219001E+02  0.1290E-12  188
 0.1222196502706941E+00  0.9371786662688864E+02  0.1270E-12  189
 0.1221304980352398E+00  0.9421794489377693E+02  0.1184E-12  190
 0.1220420258021083E+00  0.9471802257018604E+02  0.1086E-12  191
 0.1219542248559734E+00  0.9521809966226323E+02  0.1068E-12  192
 0.1218670884415092E+00  0.9571817617670673E+02  0.1200E-12  193
 0.1217806095538621E+00  0.9621825212276157E+02  0.1022E-12  194
 0.1216947776432060E+00  0.9671832750941773E+02  0.9044E-13  195
 0.1216095824474538E+00  0.9721840234065969E+02  0.8755E-13  196
 0.1215250200838592E+00  0.9771847662116969E+02  0.8782E-13  197
 0.1214410841463434E+00  0.9821855036298204E+02  0.9564E-13  198
 0.1213577606610160E+00  0.9871862357199439E+02  0.8971E-13  199
 0.1212750462742261E+00  0.9921869624859622E+02  0.6515E-13  200
 0.1211929368113297E+00  0.9971876840701172E+02  0.6868E-13  201
 0.1211114160028938E+00  0.1002188400506007E+03  0.6333E-13  202
 0.1210304862781768E+00  0.1007189111810354E+03  0.5890E-13  203
 0.1209501352521289E+00  0.1012189818146998E+03  0.7107E-13  204
 0.1208703553604519E+00  0.1017190519449584E+03  0.6143E-13  205
 0.1207911461230362E+00  0.1022191215897693E+03  0.5986E-13  206
 0.1207124904935534E+00  0.1027191907447906E+03  0.5672E-13  207
 0.1206343948811524E+00  0.1032192594239006E+03  0.4723E-13  208
 0.1205568384772312E+00  0.1037193276255578E+03  0.4865E-13  209
 0.1204798298125676E+00  0.1042193953627455E+03  0.4208E-13  210
 0.1204033483037071E+00  0.1047194626315572E+03  0.4391E-13  211
 0.1203274000686761E+00  0.1052195294497379E+03  0.4799E-13  212
 0.1202519712602889E+00  0.1057195958067199E+03  0.4584E-13  213
 0.1201770565575970E+00  0.1062196617253258E+03  0.4677E-13  214
 0.1201026584036225E+00  0.1067197271951492E+03  0.3954E-13  215
 0.1200287554622684E+00  0.1072197922287155E+03  0.3786E-13  216
 0.1199553583145129E+00  0.1077198568356156E+03  0.3296E-13  217
 0.1198824541230923E+00  0.1082199210060169E+03  0.3952E-13  218
 0.1198100302650082E+00  0.1087199847586770E+03  0.3465E-13  219
 0.1197380962347829E+00  0.1092200480972501E+03  0.3394E-13  220
 0.1196666398265420E+00  0.1097201110140882E+03  0.3064E-13  221
 0.1195956472120706E+00  0.1102201735236373E+03  0.2077E-13  222
 0.1195251240316300E+00  0.1107202356358089E+03  0.1922E-13  223
 0.1194550686118243E+00  0.1112202973445188E+03  0.3474E-13  224
 0.1193854663366908E+00  0.1117203586515768E+03  0.2374E-13  225
 0.1193163097214210E+00  0.1122204195697241E+03  0.4055E-13  226
 0.1192476009906404E+00  0.1127204801063430E+03  0.1935E-13  227
 0.1191793393844732E+00  0.1132205402602093E+03  0.2112E-13  228
 0.1191115168878329E+00  0.1137206000307530E+03  0.1942E-13  229
 0.1190441242117280E+00  0.1142206594230338E+03  0.2319E-13  230
 0.1189771557749867E+00  0.1147207184447752E+03  0.1480E-13  231
 0.1189106091833843E+00  0.1152207771021733E+03  0.1353E-13  232
 0.1188444824271993E+00  0.1157208353988212E+03  0.2219E-13  233
 0.1187787721970560E+00  0.1162208933369816E+03  0.1682E-13  234
 0.1187134739248064E+00  0.1167209509190220E+03  0.1112E-13  235
 0.1186485825537203E+00  0.1172210081480121E+03  0.7103E-14  236
 0.1185840931597175E+00  0.1177210650276053E+03  0.2326E-13  237
 0.1185200011869901E+00  0.1182211215617058E+03  0.1948E-13  238
 0.1184563024143457E+00  0.1187211777542063E+03  0.2046E-13  239
 0.1183929928305214E+00  0.1192212336088618E+03  0.9403E-14  240
 0.1183300685120230E+00  0.1197212891292668E+03  0.1738E-13  241
 0.1182675255492768E+00  0.1202213443188512E+03  0.2199E-13  242
 0.1182053600226320E+00  0.1207213991808811E+03  0.7731E-14  243
 0.1181435680260168E+00  0.1212214537184340E+03  0.1649E-13  244
 0.1180821457610306E+00  0.1217215079343520E+03  0.1512E-13  245
 0.1180210897115975E+00  0.1222215618312698E+03  0.8236E-14  246
 0.1179603968474861E+00  0.1227216154117801E+03  0.1445E-13  247
 0.1179000647235038E+00  0.1232216686788473E+03  0.9082E-14  248
 0.1178400911592717E+00  0.1237217216363848E+03  0.1146E-13  249
 0.1177804732628507E+00  0.1242217742895431E+03  0.3375E-14  250
 0.1177212060975973E+00  0.1247218266439225E+03  0.3466E-14  251
 0.1176622823053240E+00  0.1252218787032903E+03  0.8988E-14  252
 0.1176036944733828E+00  0.1257219304670977E+03  0.5139E-14  253
 0.1175454400239456E+00  0.1262219819313841E+03  0.6656E-14  254
 0.1174875235988001E+00  0.1267220330954212E+03  0.1147E-13  255
 0.1174299502534669E+00  0.1272220839688511E+03  0.8709E-14  256
 0.1173727128107174E+00  0.1277221345669302E+03  0.1688E-13  257
 0.1173157922985484E+00  0.1282221848923573E+03  0.8102E-14  258
 0.1172591812252053E+00  0.1287222349294650E+03  0.1237E-13  259
 0.1172028969961366E+00  0.1292222846722939E+03  0.4641E-14  260
 0.1171469486359674E+00  0.1297223341462782E+03  0.8444E-14  261
 0.1170913070415081E+00  0.1302223833681731E+03  0.1243E-13  262
 0.1170359549471486E+00  0.1307224323097228E+03  0.2196E-13  263
 0.1169809262013228E+00  0.1312224809620508E+03  0.1616E-13  264
 0.1169262218422012E+00  0.1317225293706513E+03  0.1012E-13  265
 0.1168717917727849E+00  0.1322225775286926E+03  0.4731E-14  266
 0.1168176611316150E+00  0.1327226253930897E+03  0.3404E-13  267
 0.1167638598571617E+00  0.1332226730150098E+03  0.2306E-13  268
 0.1167103212364166E+00  0.1337227204023774E+03  0.6172E-14  269
 0.1166570753932089E+00  0.1342227674958002E+03  0.4804E-14  270
 0.1166041515053958E+00  0.1347228143661200E+03  0.1397E-13  271
 0.1165514689150610E+00  0.1352228609927137E+03  0.3961E-13  272
 0.1164991016908236E+00  0.1357229073364486E+03  0.9633E-14  273
 0.1164470139561553E+00  0.1362229534861375E+03  0.8174E-14  274
 0.1163951769043145E+00  0.1367229993490810E+03  0.1478E-14  275
 0.1163436653236253E+00  0.1372230449969693E+03  0.1276E-13  276
 0.1162923704608473E+00  0.1377230904064169E+03  0.3979E-14  277
 0.1162414022682021E+00  0.1382231355576175E+03  0.3241E-14  278
 0.1161906566179458E+00  0.1387231805151463E+03  0.8215E-14  279
 0.1161402139078437E+00  0.1392232251886037E+03  0.2104E-14  280
 0.1160900092092983E+00  0.1397232696921287E+03  0.8439E-14  281
 0.1160400864230445E+00  0.1402233139036038E+03  0.3640E-14  282
 0.1159904067918789E+00  0.1407233579560693E+03  0.2835E-14  283
 0.1159410030757692E+00  0.1412234017166339E+03  0.6452E-14  284
 0.1158918305523811E+00  0.1417234453228263E+03  0.1081E-13  285
 0.1158429459798895E+00  0.1422234886446174E+03  0.4596E-13  286
 0.1157942641339200E+00  0.1427235318044443E+03  0.1735E-13  287
 0.1157458941592631E+00  0.1432235747068432E+03  0.1342E-13  288
 0.1156976971408191E+00  0.1437236174120769E+03  0.2158E-13  289
 0.1156498201535207E+00  0.1442236599184412E+03  0.1666E-13  290
 0.1156021250409609E+00  0.1447237021666560E+03  0.6529E-14  291
 0.1155546984027304E+00  0.1452237442777749E+03  0.1042E-13  292
 0.1155075286871482E+00  0.1457237861062707E+03  0.2337E-14  293
 0.1154605346163409E+00  0.1462238277765220E+03  0.2825E-14  294
 0.1154138520685365E+00  0.1467238692483737E+03  0.1100E-13  295
 0.1153673528859926E+00  0.1472239104592748E+03  0.3100E-14  296
 0.1153210723335278E+00  0.1477239515445386E+03  0.5985E-14  297
 0.1152750871996792E+00  0.1482239923955779E+03  0.1170E-13  298
 0.1152292638505077E+00  0.1487240330136272E+03  0.6976E-14  299
 0.1151836674027210E+00  0.1492240735090300E+03  0.1256E-13  300
 0.1151383578895763E+00  0.1497241137766809E+03  0.5273E-14  301
 0.1150932153484591E+00  0.1502241538070458E+03  0.1403E-13  302
 0.1150482690910453E+00  0.1507241937110684E+03  0.5545E-14  303
 0.1150036077418346E+00  0.1512242334301476E+03  0.7403E-14  304
 0.1149591529120923E+00  0.1517242728966322E+03  0.2610E-14  305
 0.1149148522193894E+00  0.1522243121956026E+03  0.1942E-15  306
 0.1148707882432936E+00  0.1527243513656906E+03  0.3360E-14  307
 0.1148269885038609E+00  0.1532243903270141E+03  0.9946E-10  308
 0.1147833750557634E+00  0.1537244290545917E+03  0.9764E-10  309
 0.1147399183439297E+00  0.1542244676194742E+03  0.9594E-10  310
 0.1146966779896246E+00  0.1547245060555135E+03  0.9435E-10  311
 0.1146536909715920E+00  0.1552245443134172E+03  0.9272E-10  312
 0.1146109182294869E+00  0.1557245823499831E+03  0.9106E-10  313
 0.1145683098956485E+00  0.1562246201881538E+03  0.8945E-10  314
 0.1145258684462016E+00  0.1567246578768155E+03  0.8793E-10  315
 0.1144836330662937E+00  0.1572246954302040E+03  0.8647E-10  316
 0.1144416282098820E+00  0.1577247328219436E+03  0.8504E-10  317
 0.1143998419798445E+00  0.1582247700215017E+03  0.8358E-10  318
 0.1143582444521884E+00  0.1587248070231808E+03  0.8213E-10  319
 0.1143168150850315E+00  0.1592248438449628E+03  0.8069E-10  320
 0.1142755536388093E+00  0.1597248805097741E+03  0.7933E-10  321
 0.1142344732107862E+00  0.1602249170300973E+03  0.7804E-10  322
 0.1141935875632966E+00  0.1607249534048778E+03  0.7676E-10  323
 0.1141529030661798E+00  0.1612249896253234E+03  0.7552E-10  324
 0.1141124177698892E+00  0.1617250256823285E+03  0.7430E-10  325
 0.1140721247864332E+00  0.1622250615708719E+03  0.7308E-10  326
 0.1140320163111072E+00  0.1627250972907420E+03  0.7185E-10  327
 0.1139920861947917E+00  0.1632251328450236E+03  0.7067E-10  328
 0.1139523307350612E+00  0.1637251682381308E+03  0.6951E-10  329
 0.1139127482978015E+00  0.1642252034743151E+03  0.6835E-10  330
 0.1138733384876479E+00  0.1647252385569624E+03  0.6723E-10  331
 0.1138341014000685E+00  0.1652252734884854E+03  0.6614E-10  332
 0.1137950371243437E+00  0.1657253082705456E+03  0.6506E-10  333
 0.1137561454769950E+00  0.1662253429043597E+03  0.6403E-10  334
 0.1137174259374780E+00  0.1667253773909761E+03  0.6300E-10  335
 0.1136788776354334E+00  0.1672254117314706E+03  0.6200E-10  336
 0.1136404993458451E+00  0.1677254459270380E+03  0.6103E-10  337
 0.1136022894707062E+00  0.1682254799789979E+03  0.6006E-10  338
 0.1135642459690180E+00  0.1687255138886963E+03  0.5912E-10  339
 0.1135263663175749E+00  0.1692255476572851E+03  0.5820E-10  340
 0.1134886475466959E+00  0.1697255812853653E+03  0.5731E-10  341
 0.1134510865018869E+00  0.1702256147725570E+03  0.5644E-10  342
 0.1134136804574012E+00  0.1707256481171234E+03  0.5558E-10  343
 0.1133764281106460E+00  0.1712256813159616E+03  0.5474E-10  344
 0.1133393308039731E+00  0.1717257143653345E+03  0.5390E-10  345
 0.1133023933610483E+00  0.1722257472626985E+03  0.5307E-10  346
 0.1132656235490455E+00  0.1727257800094828E+03  0.5226E-10  347
 0.1132290291629218E+00  0.1732258126136752E+03  0.5142E-10  348
 0.1131926126378707E+00  0.1737258450900701E+03  0.5061E-10  349
 0.1131563652954586E+00  0.1742258774557078E+03  0.4982E-10  350
 0.1131202659173943E+00  0.1747259097200394E+03  0.4907E-10  351
 0.1130842886482321E+00  0.1752259418743620E+03  0.4837E-10  352
 0.1130484203795604E+00  0.1757259738899754E+03  0.4770E-10  353
 0.1130126773200130E+00  0.1762260057338743E+03  0.4699E-10  354
 0.1129771024111294E+00  0.1767260373980832E+03  0.4628E-10  355
 0.1129417331119980E+00  0.1772260689191287E+03  0.4555E-10  356
 0.1129065582778834E+00  0.1777261003578636E+03  0.4483E-10  357
 0.1128715115688088E+00  0.1782261317402864E+03  0.4419E-10  358
 0.1128365315548515E+00  0.1787261630148255E+03  0.4361E-10  359
 0.1128016415997035E+00  0.1792261940947993E+03  0.4300E-10  360
 0.1127669424924524E+00  0.1797262249681226E+03  0.4233E-10  361
 0.1127324862842729E+00  0.1802262557378833E+03  0.4165E-10  362
 0.1126981809891015E+00  0.1807262864958278E+03  0.4106E-10  363
 0.1126639019350472E+00  0.1812263171710880E+03  0.4052E-10  364
 0.1126296964002810E+00  0.1817263476138027E+03  0.3997E-10  365
 0.1125957360612858E+00  0.1822263778490465E+03  0.3932E-10  366
 0.1125620171224932E+00  0.1827264080688729E+03  0.3876E-10  367
 0.1125283300315138E+00  0.1832264382875738E+03  0.3825E-10  368
 0.1124946513348886E+00  0.1837264682793331E+03  0.3774E-10  369
 0.1124612263210498E+00  0.1842264980229956E+03  0.3714E-10  370
 0.1124280631346703E+00  0.1847265277865911E+03  0.3658E-10  371
 0.1123948731158745E+00  0.1852265575519000E+03  0.3617E-10  372
 0.1123617200116332E+00  0.1857265870163677E+03  0.3564E-10  373
 0.1123289094840924E+00  0.1862266163097086E+03  0.3507E-10  374
 0.1122962309151399E+00  0.1867266457198776E+03  0.3461E-10  375
 0.1122634498323389E+00  0.1872266749487528E+03  0.3419E-10  376
 0.1122309454590073E+00  0.1877267038612417E+03  0.3365E-10  377
 0.1121987080560638E+00  0.1882267328863804E+03  0.3320E-10  378
 0.1121663241040289E+00  0.1887267618364920E+03  0.3281E-10  379
 0.1121341619421189E+00  0.1892267904065131E+03  0.3228E-10  380
 0.1121023200646423E+00  0.1897268190927001E+03  0.3184E-10  381
 0.1120702961865444E+00  0.1902268477188104E+03  0.3146E-10  382
 0.1120385334632519E+00  0.1907268759468085E+03  0.3096E-10  383
 0.1120070481840467E+00  0.1912269043623802E+03  0.3056E-10  384
 0.1119753470290910E+00  0.1917269326026145E+03  0.3020E-10  385
 0.1119440519772203E+00  0.1922269605240423E+03  0.2970E-10  386
 0.1119128299350886E+00  0.1927269887047980E+03  0.2937E-10  387
 0.1118815040019337E+00  0.1932270164750350E+03  0.2899E-10  388
 0.1118506770677940E+00  0.1937270442280898E+03  0.2854E-10  389
 0.1118196068380517E+00  0.1942270720530477E+03  0.2826E-10  390
 0.1117888462731095E+00  0.1947270994108520E+03  0.2778E-10  391
 0.1117582470257946E+00  0.1952271270877332E+03  0.2748E-10  392
 0.1117274981381122E+00  0.1957271543197691E+03  0.2709E-10  393
 0.1116972731655818E+00  0.1962271816257903E+03  0.2674E-10  394
 0.1116667082394183E+00  0.1967272088616993E+03  0.2642E-10  395
 0.1116366665010932E+00  0.1972272357776280E+03  0.2602E-10  396
 0.1116064352864785E+00  0.1977272629616735E+03  0.2575E-10  397
 0.1115764787659706E+00  0.1982272895905584E+03  0.2533E-10  398
 0.1115466163734138E+00  0.1987273166162055E+03  0.2509E-10  399
 0.1115167488464629E+00  0.1992273430545541E+03  0.2472E-10  400
 0.1114872184430830E+00  0.1997273698563239E+03  0.2443E-10  401
 0.1114574835182740E+00  0.2002273961458718E+03  0.2409E-10  402
 0.1114282348028902E+00  0.2007274227119621E+03  0.2381E-10  403
 0.1113986724393942E+00  0.2012274488494825E+03  0.2348E-10  404
 0.1113696672557723E+00  0.2017274752016801E+03  0.2322E-10  405
 0.1113403039310724E+00  0.2022275011609254E+03  0.2289E-10  406
 0.1113115143257636E+00  0.2027275273351885E+03  0.2263E-10  407
 0.1112823726995240E+00  0.2032275530827370E+03  0.2231E-10  408
 0.1112537669133124E+00  0.2037275791157340E+03  0.2207E-10  409
 0.1112248812884175E+00  0.2042276046244772E+03  0.2174E-10  410
 0.1111964097495826E+00  0.2047276305372858E+03  0.2153E-10  411
 0.1111678350537732E+00  0.2052276558078408E+03  0.2120E-10  412
 0.1111394311608648E+00  0.2057276815786873E+03  0.2102E-10  413
 0.1111112266010762E+00  0.2062277066703001E+03  0.2066E-10  414
 0.1110828442417064E+00  0.2067277322067451E+03  0.2051E-10  415
 0.1110550119193758E+00  0.2072277572498244E+03  0.2019E-10  416
 0.1110267061550457E+00  0.2077277824084267E+03  0.1997E-10  417
 0.1109991078637507E+00  0.2082278075350335E+03  0.1972E-10  418
 0.1109710886325399E+00  0.2087278322504334E+03  0.1943E-10  419
 0.1109434657167654E+00  0.2092278574168236E+03  0.1929E-10  420
 0.1109159623057160E+00  0.2097278818826684E+03  0.1896E-10  421
 0.1108882002448877E+00  0.2102279067664951E+03  0.1880E-10  422
 0.1108611157608440E+00  0.2107279313608842E+03  0.1855E-10  423
 0.1108335413276431E+00  0.2112279556807328E+03  0.1829E-10  424
 0.1108063923679690E+00  0.2117279804361085E+03  0.1816E-10  425
 0.1107794358822008E+00  0.2122280045021563E+03  0.1788E-10  426
 0.1107520853753653E+00  0.2127280288552564E+03  0.1767E-10  427
 0.1107254318343306E+00  0.2132280532179271E+03  0.1750E-10  428
 0.1106985359353340E+00  0.2137280769921702E+03  0.1722E-10  429
 0.1106715617818219E+00  0.2142281012652332E+03  0.1709E-10  430
 0.1106452385511072E+00  0.2147281252359370E+03  0.1686E-10  431
 0.1106185024418295E+00  0.2152281488063829E+03  0.1662E-10  432
 0.1105918734246959E+00  0.2157281728896790E+03  0.1649E-10  433
 0.1105658254836750E+00  0.2162281965691824E+03  0.1629E-10  434
 0.1105393464587764E+00  0.2167282199083128E+03  0.1604E-10  435
 0.1105129691964667E+00  0.2172282437460737E+03  0.1592E-10  436
 0.1104871894935829E+00  0.2177282672456859E+03  0.1573E-10  437
 0.1104610597254679E+00  0.2182282903116660E+03  0.1550E-10  438
 0.1104348527206284E+00  0.2187283138333662E+03  0.1538E-10  439
 0.1104092832987893E+00  0.2192283372528767E+03  0.1523E-10  440
 0.1103836104448569E+00  0.2197283600873544E+03  0.1497E-10  441
 0.1103575934118937E+00  0.2202283831635736E+03  0.1483E-10  442
 0.1103320679684002E+00  0.2207284065004636E+03  0.1472E-10  443
 0.1103068688071236E+00  0.2212284293034136E+03  0.1452E-10  444
 0.1102812695683871E+00  0.2217284518769837E+03  0.1431E-10  445
 0.1102556712617168E+00  0.2222284748690765E+03  0.1419E-10  446
 0.1102306463849159E+00  0.2227284978173617E+03  0.1407E-10  447
 0.1102056996120622E+00  0.2232285202118202E+03  0.1385E-10  448
 0.1101803664253836E+00  0.2237285425569884E+03  0.1365E-10  449
 0.1101551417505441E+00  0.2242285652884834E+03  0.1358E-10  450
 0.1101304482444344E+00  0.2247285879349795E+03  0.1345E-10  451
 0.1101058509608123E+00  0.2252286100716220E+03  0.1326E-10  452
 0.1100809114527792E+00  0.2257286320824604E+03  0.1306E-10  453
 0.1100559479430283E+00  0.2262286544244552E+03  0.1294E-10  454
 0.1100314347320807E+00  0.2267286768589466E+03  0.1287E-10  455
 0.1100072262186618E+00  0.2272286989010999E+03  0.1272E-10  456
 0.1099828418978038E+00  0.2277287205908336E+03  0.1251E-10  457
 0.1099582089354419E+00  0.2282287423800095E+03  0.1236E-10  458
 0.1099337202011046E+00  0.2287287644506790E+03  0.1227E-10  459
 0.1099096511408975E+00  0.2292287865003717E+03  0.1217E-10  460
 0.1098858181494700E+00  0.2297288081890851E+03  0.1204E-10  461
 0.1098618597107149E+00  0.2302288295619501E+03  0.1186E-10  462
 0.1098376812464370E+00  0.2307288509478377E+03  0.1171E-10  463
 0.1098135244511118E+00  0.2312288725567096E+03  0.1160E-10  464
 0.1097896656522072E+00  0.2317288942747856E+03  0.1152E-10  465
 0.1097661340891519E+00  0.2322289158249198E+03  0.1141E-10  466
 0.1097427205461020E+00  0.2327289370534576E+03  0.1129E-10  467
 0.1097192008261508E+00  0.2332289580488372E+03  0.1111E-10  468
 0.1096955267478904E+00  0.2337289790284717E+03  0.1098E-10  469
 0.1096718347295500E+00  0.2342290001451240E+03  0.1087E-10  470
 0.1096483118730335E+00  0.2347290213844307E+03  0.1077E-10  471
 0.1096250557822135E+00  0.2352290426052579E+03  0.1068E-10  472
 0.1096020271456492E+00  0.2357290636559609E+03  0.1061E-10  473
 0.1095791001563262E+00  0.2362290844693559E+03  0.1047E-10  474
 0.1095561514924091E+00  0.2367291050841434E+03  0.1034E-10  475
 0.1095331250315390E+00  0.2372291256022848E+03  0.1021E-10  476
 0.1095100446215412E+00  0.2377291461250783E+03  0.1009E-10  477
 0.1094869848231406E+00  0.2382291667071761E+03  0.9988E-11  478
 0.1094640272324519E+00  0.2387291873446254E+03  0.9892E-11  479
 0.1094412266472342E+00  0.2392292079909443E+03  0.9808E-11  480
 0.1094185979952768E+00  0.2397292285849355E+03  0.9749E-11  481
 0.1093961218420899E+00  0.2402292490751425E+03  0.9653E-11  482
 0.1093737597735899E+00  0.2407292694331111E+03  0.9561E-11  483
 0.1093514707087492E+00  0.2412292896549708E+03  0.9461E-11  484
 0.1093292224156067E+00  0.2417293097552048E+03  0.9356E-11  485
 0.1093069965701216E+00  0.2422293297575136E+03  0.9249E-11  486
 0.1092847884071936E+00  0.2427293496865905E+03  0.9139E-11  487
 0.1092626032167249E+00  0.2432293695626311E+03  0.9031E-11  488
 0.1092404518695433E+00  0.2437293893989062E+03  0.8921E-11  489
 0.1092183468593723E+00  0.2442294092017808E+03  0.8830E-11  490
 0.1091962995576330E+00  0.2447294289720143E+03  0.8734E-11  491
 0.1091743187670697E+00  0.2452294487066765E+03  0.8651E-11  492
 0.1091524103257627E+00  0.2457294684009158E+03  0.8559E-11  493
 0.1091305773820728E+00  0.2462294880492997E+03  0.8469E-11  494
 0.1091088210066726E+00  0.2467295076467717E+03  0.8400E-11  495
 0.1090871409166032E+00  0.2472295271890798E+03  0.8311E-11  496
 0.1090655361023802E+00  0.2477295466729522E+03  0.8240E-11  497
 0.1090440053594081E+00  0.2482295660961173E+03  0.8141E-11  498
 0.1090225476537474E+00  0.2487295854571567E+03  0.8072E-11  499
 0.1090011623706256E+00  0.2492296047554667E+03  0.7992E-11  500
 0.1089798494463103E+00  0.2497296239911946E+03  0.7910E-11  501
 0.1089586093647385E+00  0.2502296431652611E+03  0.7840E-11  502
 0.1089374430724592E+00  0.2507296622794955E+03  0.7748E-11  503
 0.1089163517394993E+00  0.2512296813367565E+03  0.7683E-11  504
 0.1088953363566098E+00  0.2517297003411523E+03  0.7611E-11  505
 0.1088743971621631E+00  0.2522297192980689E+03  0.7541E-11  506
 0.1088535328641702E+00  0.2527297382141035E+03  0.7457E-11  507
 0.1088327397624998E+00  0.2532297570965686E+03  0.7392E-11  508
 0.1088120109151218E+00  0.2537297759525480E+03  0.7321E-11  509
 0.1087913355916497E+00  0.2542297947873136E+03  0.7266E-11  510
 0.1087706994786633E+00  0.2547298136022045E+03  0.7211E-11  511
 0.1087500860518570E+00  0.2552298323921704E+03  0.7155E-11  512
 0.1087294795200659E+00  0.2557298511437559E+03  0.7104E-11  513
 0.1087088694041716E+00  0.2562298698344026E+03  0.7049E-11  514
 0.1086882561504637E+00  0.2567298884343284E+03  0.6987E-11  515
 0.1086676562921099E+00  0.2572299069120533E+03  0.6939E-11  516
 0.1086471047196972E+00  0.2577299252437715E+03  0.6851E-11  517
 0.1086266512046712E+00  0.2582299434248462E+03  0.6770E-11  518
 0.1086063490841090E+00  0.2587299614799953E+03  0.6679E-11  519
 0.1085862365608444E+00  0.2592299794662809E+03  0.6603E-11  520
 0.1085663153451046E+00  0.2597299974633290E+03  0.6510E-11  521
 0.1085465359922068E+00  0.2602300155483188E+03  0.6457E-11  522
 0.1085268014227340E+00  0.2607300337606924E+03  0.6415E-11  523
 0.1085069964525125E+00  0.2612300520705045E+03  0.6367E-11  524
 0.1084870396781254E+00  0.2617300703707407E+03  0.6346E-11  525
 0.1084669373618870E+00  0.2622300885103029E+03  0.6311E-11  526
 0.1084468061410678E+00  0.2627301063661295E+03  0.6241E-11  527
 0.1084268350338168E+00  0.2632301239249732E+03  0.6159E-11  528
 0.1084071859115057E+00  0.2637301413222578E+03  0.6085E-11  529
 0.1083878782381441E+00  0.2642301587913317E+03  0.5991E-11  530
 0.1083687390084312E+00  0.2647301765245335E+03  0.5945E-11  531
 0.1083494836488239E+00  0.2652301945210888E+03  0.5928E-11  532
 0.1083299109366917E+00  0.2657302125426796E+03  0.5905E-11  533
 0.1083100858585172E+00  0.2662302302545957E+03  0.5863E-11  534
 0.1082903416302350E+00  0.2667302474916147E+03  0.5783E-11  535
 0.1082710367523640E+00  0.2672302644419912E+03  0.5697E-11  536
 0.1082522232738198E+00  0.2677302815423857E+03  0.5622E-11  537
 0.1082335357916505E+00  0.2682302990981016E+03  0.5600E-11  538
 0.1082144868350487E+00  0.2687303169461243E+03  0.5591E-11  539
 0.1081949643641552E+00  0.2692303345443773E+03  0.5571E-11  540
 0.1081754218335378E+00  0.2697303515073377E+03  0.5482E-11  541
 0.1081564502179985E+00  0.2702303680783228E+03  0.5403E-11  542
 0.1081380908044108E+00  0.2707303849410667E+03  0.5338E-11  543
 0.1081196961311336E+00  0.2712304024380884E+03  0.5325E-11  544
 0.1081006600671637E+00  0.2717304200761884E+03  0.5332E-11  545
 0.1080812342341410E+00  0.2722304370620080E+03  0.5261E-11  546
 0.1080623033762198E+00  0.2727304533569500E+03  0.5191E-11  547
 0.1080442074963855E+00  0.2732304698385593E+03  0.5105E-11  548
 0.1080261648971653E+00  0.2737304871277194E+03  0.5078E-11  549
 0.1080073170860113E+00  0.2742305046081657E+03  0.5103E-11  550
 0.1079880686488917E+00  0.2747305212385256E+03  0.5035E-11  551
 0.1079695876525502E+00  0.2752305371874277E+03  0.4946E-11  552
 0.1079519479924792E+00  0.2757305536979701E+03  0.4892E-11  553
 0.1079338748526306E+00  0.2762305710793457E+03  0.4896E-11  554
 0.1079148410765731E+00  0.2767305880566047E+03  0.4873E-11  555
 0.1078961037003571E+00  0.2772306039074494E+03  0.4781E-11  556
 0.1078785554421261E+00  0.2777306198650139E+03  0.4725E-11  557
 0.1078609831762445E+00  0.2782306369671760E+03  0.4709E-11  558
 0.1078422295429446E+00  0.2787306540076103E+03  0.4715E-11  559
 0.1078235163173510E+00  0.2792306697349665E+03  0.4649E-11  560
 0.1078061626455328E+00  0.2797306854155983E+03  0.4562E-11  561
 0.1077888249119693E+00  0.2802307024067375E+03  0.4569E-11  562
 0.1077701435011902E+00  0.2807307192526767E+03  0.4559E-11  563
 0.1077517220104122E+00  0.2812307346351650E+03  0.4473E-11  564
 0.1077347829088688E+00  0.2817307503377978E+03  0.4429E-11  565
 0.1077173411389889E+00  0.2822307674195961E+03  0.4429E-11  566
 0.1076985823704434E+00  0.2827307836887221E+03  0.4405E-11  567
 0.1076808880944809E+00  0.2832307986686106E+03  0.4305E-11  568
 0.1076642977971967E+00  0.2837308148801516E+03  0.4293E-11  569
 0.1076462440260598E+00  0.2842308318309335E+03  0.4291E-11  570
 0.1076278265567811E+00  0.2847308470459171E+03  0.4220E-11  571
 0.1076112431963840E+00  0.2852308622676876E+03  0.4149E-11  572
 0.1075941402199649E+00  0.2857308791942542E+03  0.4184E-11  573
 0.1075755559412140E+00  0.2862308949838843E+03  0.4134E-11  574
 0.1075585899726782E+00  0.2867309096232744E+03  0.4043E-11  575
 0.1075421721988758E+00  0.2872309261290802E+03  0.4046E-11  576
 0.1075237963676194E+00  0.2877309423513780E+03  0.4054E-11  577
 0.1075064970021592E+00  0.2882309567468697E+03  0.3966E-11  578
 0.1074904709998080E+00  0.2887309728186092E+03  0.3937E-11  579
 0.1074723646586914E+00  0.2892309892233631E+03  0.3946E-11  580
 0.1074549486447061E+00  0.2897310034826199E+03  0.3869E-11  581
 0.1074391573668762E+00  0.2902310193044505E+03  0.3862E-11  582
 0.1074211912244892E+00  0.2907310356833730E+03  0.3872E-11  583
 0.1074039094300717E+00  0.2912310497692737E+03  0.3775E-11  584
 0.1073882682668941E+00  0.2917310655957446E+03  0.3776E-11  585
 0.1073702588358817E+00  0.2922310817416285E+03  0.3755E-11  586
 0.1073533948257632E+00  0.2927310956230104E+03  0.3677E-11  587
 0.1073377455947885E+00  0.2932311117103533E+03  0.3694E-11  588
 0.1073195979841263E+00  0.2937311273227730E+03  0.3652E-11  589
 0.1073034554669544E+00  0.2942311411546690E+03  0.3564E-11  590
 0.1072874341253567E+00  0.2947311576197134E+03  0.3612E-11  591
 0.1072693566868855E+00  0.2952311723193885E+03  0.3556E-11  592
 0.1072540582898772E+00  0.2957311865938782E+03  0.3523E-11  593
 0.1072371633506874E+00  0.2962312031157350E+03  0.3530E-11  594
 0.1072198442264697E+00  0.2967312167820191E+03  0.3462E-11  595
 0.1072048889577192E+00  0.2972312321532775E+03  0.3447E-11  596
 0.1071870403579918E+00  0.2977312477780237E+03  0.3441E-11  597
 0.1071712787634165E+00  0.2982312611803966E+03  0.3378E-11  598
 0.1071553930697070E+00  0.2987312775817205E+03  0.3375E-11  599
 0.1071377502943461E+00  0.2992312914404772E+03  0.3343E-11  600
 0.1071231429531590E+00  0.2997313061703687E+03  0.3309E-11  601
 0.1071055826277805E+00  0.3002313219197845E+03  0.3305E-11  602
 0.1070899333331227E+00  0.3007313350155290E+03  0.3253E-11  603
 0.1070742237827749E+00  0.3012313513361232E+03  0.3271E-11  604
 0.1070568613314531E+00  0.3017313647825129E+03  0.3190E-11  605
 0.1070424985796216E+00  0.3022313797588080E+03  0.3193E-11  606
 0.1070247867308315E+00  0.3027313948327763E+03  0.3177E-11  607
 0.1070100533010879E+00  0.3032314080971203E+03  0.3111E-11  608
 0.1069935579530117E+00  0.3037314242990888E+03  0.3141E-11  609
 0.1069773936399027E+00  0.3042314369617869E+03  0.3072E-11  610
 0.1069625121442686E+00  0.3047314529234223E+03  0.3111E-11  611
 0.1069451475112049E+00  0.3052314662836836E+03  0.3035E-11  612
 0.1069311781343359E+00  0.3057314810138501E+03  0.3029E-11  613
 0.1069135695069025E+00  0.3062314956401302E+03  0.3000E-11  614
 0.1068995070263025E+00  0.3067315090028150E+03  0.2957E-11  615
 0.1068825441697414E+00  0.3072315246711266E+03  0.2974E-11  616
 0.1068677110943110E+00  0.3077315371408357E+03  0.2894E-11  617
 0.1068518181631796E+00  0.3082315532478652E+03  0.2947E-11  618
 0.1068360314623917E+00  0.3087315654539444E+03  0.2870E-11  619
 0.1068211884355803E+00  0.3092315814247268E+03  0.2897E-11  620
 0.1068046135843089E+00  0.3097315938416639E+03  0.2810E-11  621
 0.1067905640857074E+00  0.3102316093259055E+03  0.2854E-11  622
 0.1067734958451688E+00  0.3107316221809659E+03  0.2779E-11  623
 0.1067599435666197E+00  0.3112316370638833E+03  0.2795E-11  624
 0.1067426504496413E+00  0.3117316503811084E+03  0.2761E-11  625
 0.1067293682377562E+00  0.3122316647097265E+03  0.2749E-11  626
 0.1067120269234471E+00  0.3127316783934003E+03  0.2702E-11  627
 0.1066988862821144E+00  0.3132316922970801E+03  0.2708E-11  628
 0.1066815792860455E+00  0.3137317061991549E+03  0.2675E-11  629
 0.1066685340504656E+00  0.3142317198377704E+03  0.2660E-11  630
 0.1066512777624905E+00  0.3147317337937941E+03  0.2636E-11  631
 0.1066383293953148E+00  0.3152317473359569E+03  0.2628E-11  632
 0.1066211122457242E+00  0.3157317611756162E+03  0.2599E-11  633
 0.1066082698887488E+00  0.3162317747956541E+03  0.2587E-11  634
 0.1065910934858691E+00  0.3167317883423850E+03  0.2558E-11  635
 0.1065783318022966E+00  0.3172318022201018E+03  0.2560E-11  636
 0.1065612538274732E+00  0.3177318152960360E+03  0.2525E-11  637
 0.1065484702526473E+00  0.3182318296026612E+03  0.2536E-11  638
 0.1065316449151906E+00  0.3187318420560302E+03  0.2469E-11  639
 0.1065186255070037E+00  0.3192318569100255E+03  0.2482E-11  640
 0.1065023251362039E+00  0.3197318686784005E+03  0.2423E-11  641
 0.1064887439850588E+00  0.3202318840630917E+03  0.2480E-11  642
 0.1064733282228187E+00  0.3207318952710676E+03  0.2390E-11  643
 0.1064588207220908E+00  0.3212319109309411E+03  0.2429E-11  644
 0.1064446113447280E+00  0.3217319219839518E+03  0.2376E-11  645
 0.1064289556548901E+00  0.3222319373636177E+03  0.2398E-11  646
 0.1064160040123798E+00  0.3227319489467388E+03  0.2355E-11  647
 0.1063993853436298E+00  0.3232319632866073E+03  0.2334E-11  648
 0.1063872145007546E+00  0.3237319761463436E+03  0.2331E-11  649
 0.1063704189741097E+00  0.3242319888374959E+03  0.2294E-11  650
 0.1063579668022329E+00  0.3247320033031883E+03  0.2310E-11  651
 0.1063422246589943E+00  0.3252320144382100E+03  0.2250E-11  652
 0.1063282729613751E+00  0.3257320298974245E+03  0.2282E-11  653
 0.1063145436323392E+00  0.3262320406266998E+03  0.2213E-11  654
 0.1062986557392996E+00  0.3267320555002196E+03  0.2249E-11  655
 0.1062866289449951E+00  0.3272320675816260E+03  0.2222E-11  656
 0.1062699548235920E+00  0.3277320803126655E+03  0.2175E-11  657
 0.1062577507179186E+00  0.3282320946659434E+03  0.2204E-11  658
 0.1062425409530308E+00  0.3287321053518791E+03  0.2126E-11  659
 0.1062281082846120E+00  0.3292321206949994E+03  0.2170E-11  660
 0.1062155520060376E+00  0.3297321316346451E+03  0.2137E-11  661
 0.1061990968104790E+00  0.3302321452137376E+03  0.2109E-11  662
 0.1061874255113175E+00  0.3307321587548500E+03  0.2121E-11  663
 0.1061718924305462E+00  0.3312321695418413E+03  0.2063E-11  664
 0.1061579232817548E+00  0.3317321847997542E+03  0.2089E-11  665
 0.1061454883429510E+00  0.3322321955221018E+03  0.2046E-11  666
 0.1061291122284746E+00  0.3327322088201996E+03  0.2043E-11  667
 0.1061174867855093E+00  0.3332322225980661E+03  0.2064E-11  668
 0.1061026319482870E+00  0.3337322329039545E+03  0.1999E-11  669
 0.1060879674704383E+00  0.3342322479178331E+03  0.2024E-11  670
 0.1060764145199654E+00  0.3347322593118712E+03  0.2002E-11  671
 0.1060601904146482E+00  0.3352322711547326E+03  0.1955E-11  672
 0.1060476706311973E+00  0.3357322859316390E+03  0.1997E-11  673
 0.1060347349529231E+00  0.3362322959924876E+03  0.1934E-11  674
 0.1060187263153782E+00  0.3367323095574045E+03  0.1944E-11  675
 0.1060074383296008E+00  0.3372323230212402E+03  0.1955E-11  676
 0.1059930439752682E+00  0.3377323329851119E+03  0.1887E-11  677
 0.1059780471986908E+00  0.3382323475472991E+03  0.1915E-11  678
 0.1059670573401797E+00  0.3387323596628981E+03  0.1899E-11  679
 0.1059517528487261E+00  0.3392323701179524E+03  0.1849E-11  680
 0.1059377859169530E+00  0.3397323849852593E+03  0.1876E-11  681
 0.1059266604717152E+00  0.3402323961705643E+03  0.1860E-11  682
 0.1059109735775396E+00  0.3407324071220427E+03  0.1819E-11  683
 0.1058976991676975E+00  0.3412324219573046E+03  0.1842E-11  684
 0.1058864315353472E+00  0.3417324326564901E+03  0.1823E-11  685
 0.1058706776605764E+00  0.3422324438215164E+03  0.1784E-11  686
 0.1058576816892077E+00  0.3427324585677403E+03  0.1816E-11  687
 0.1058464739931572E+00  0.3432324691435500E+03  0.1783E-11  688
 0.1058308373724231E+00  0.3437324801514538E+03  0.1752E-11  689
 0.1058177049825567E+00  0.3442324948433622E+03  0.1787E-11  690
 0.1058067810542242E+00  0.3447325056452105E+03  0.1767E-11  691
 0.1057914811582674E+00  0.3452325161455283E+03  0.1712E-11  692
 0.1057778001436433E+00  0.3457325307115814E+03  0.1731E-11  693
 0.1057672286919278E+00  0.3462325421614660E+03  0.1721E-11  694
 0.1057526653150253E+00  0.3467325519558188E+03  0.1673E-11  695
 0.1057381114746499E+00  0.3472325660371201E+03  0.1683E-11  696
 0.1057275966527550E+00  0.3477325785855127E+03  0.1705E-11  697
 0.1057143477823419E+00  0.3482325878701428E+03  0.1652E-11  698
 0.1056989682208725E+00  0.3487326007656162E+03  0.1646E-11  699
 0.1056877108783989E+00  0.3492326145686023E+03  0.1680E-11  700
 0.1056761857105785E+00  0.3497326241886020E+03  0.1642E-11  701
 0.1056607985122793E+00  0.3502326351959463E+03  0.1592E-11  702
 0.1056477861723782E+00  0.3507326495490032E+03  0.1628E-11  703
 0.1056374852432962E+00  0.3512326608113949E+03  0.1617E-11  704
 0.1056236509450241E+00  0.3517326701367309E+03  0.1567E-11  705
 0.1056087199337611E+00  0.3522326832859957E+03  0.1573E-11  706
 0.1055977746614306E+00  0.3527326967764319E+03  0.1595E-11  707
 0.1055865288105063E+00  0.3532327063159423E+03  0.1555E-11  708
 0.1055715176949037E+00  0.3537327167641241E+03  0.1526E-11  709
 0.1055579768771811E+00  0.3542327307792473E+03  0.1549E-11  710
 0.1055478148364681E+00  0.3547327429095787E+03  0.1557E-11  711
 0.1055354907579760E+00  0.3552327519139129E+03  0.1516E-11  712
 0.1055203297437056E+00  0.3557327633304274E+03  0.1488E-11  713
 0.1055078097014018E+00  0.3562327773726407E+03  0.1520E-11  714
 0.1054977848546601E+00  0.3567327886573972E+03  0.1521E-11  715
 0.1054849847382026E+00  0.3572327975880223E+03  0.1482E-11  716
 0.1054699711957180E+00  0.3577328093204507E+03  0.1454E-11  717
 0.1054577942584945E+00  0.3582328232244964E+03  0.1480E-11  718
 0.1054478382776435E+00  0.3587328343463315E+03  0.1485E-11  719
 0.1054352384363091E+00  0.3592328432060532E+03  0.1427E-11  720
 0.1054203411814704E+00  0.3597328545844304E+03  0.1417E-11  721
 0.1054078417624300E+00  0.3602328683793247E+03  0.1437E-11  722
 0.1053979461520210E+00  0.3607328799955677E+03  0.1447E-11  723
 0.1053861896136593E+00  0.3612328888597017E+03  0.1413E-11  724
 0.1053715786934062E+00  0.3617328992610508E+03  0.1387E-11  725
 0.1053581678553933E+00  0.3622329126516918E+03  0.1410E-11  726
 0.1053478871386276E+00  0.3627329252881855E+03  0.1422E-11  727
 0.1053373971076198E+00  0.3632329347652412E+03  0.1411E-11  728
 0.1053238458642627E+00  0.3637329439139246E+03  0.1350E-11  729
 0.1053094495487176E+00  0.3642329559716241E+03  0.1352E-11  730
 0.1052977316592301E+00  0.3647329694362933E+03  0.1353E-11  731
 0.1052879863104929E+00  0.3652329806378461E+03  0.1380E-11  732
 0.1052765730895355E+00  0.3657329894336337E+03  0.1334E-11  733
 0.1052624940300029E+00  0.3662329992300504E+03  0.1294E-11  734
 0.1052487028684014E+00  0.3667330118258383E+03  0.1294E-11  735
 0.1052376731265421E+00  0.3672330249339145E+03  0.1334E-11  736
 0.1052279691552358E+00  0.3677330356060137E+03  0.1344E-11  737
 0.1052164350403779E+00  0.3682330442992629E+03  0.1298E-11  738
 0.1052025100537960E+00  0.3687330540620635E+03  0.1265E-11  739
 0.1051888030514641E+00  0.3692330664007650E+03  0.1265E-11  740
 0.1051775716803421E+00  0.3697330794518893E+03  0.1284E-11  741
 0.1051679283236256E+00  0.3702330905150947E+03  0.1283E-11  742
 0.1051571227980121E+00  0.3707330993952285E+03  0.1260E-11  743
 0.1051439314797626E+00  0.3712331084683645E+03  0.1230E-11  744
 0.1051299721188950E+00  0.3717331197574757E+03  0.1226E-11  745
 0.1051176838060883E+00  0.3722331326694653E+03  0.1247E-11  746
 0.1051075794628071E+00  0.3727331448281041E+03  0.1247E-11  747
 0.1050978291951377E+00  0.3732331547560032E+03  0.1241E-11  748
 0.1050863474063225E+00  0.3737331633571075E+03  0.1213E-11  749
 0.1050729374266706E+00  0.3742331728184416E+03  0.1184E-11  750
 0.1050593450440562E+00  0.3747331843443637E+03  0.1183E-11  751
 0.1050474250867176E+00  0.3752331970669642E+03  0.1194E-11  752
 0.1050373876855621E+00  0.3757332090217296E+03  0.1228E-11  753
 0.1050277358709180E+00  0.3762332190320880E+03  0.1221E-11  754
 0.1050167351475181E+00  0.3767332276908393E+03  0.1188E-11  755
 0.1050039289858972E+00  0.3772332367013510E+03  0.1144E-11  756
 0.1049904130856897E+00  0.3777332473584229E+03  0.1146E-11  757
 0.1049778128160708E+00  0.3782332595304125E+03  0.1128E-11  758
 0.1049669543884776E+00  0.3787332718863113E+03  0.1160E-11  759
 0.1049573025632562E+00  0.3792332830212395E+03  0.1166E-11  760
 0.1049474818400863E+00  0.3797332925058215E+03  0.1170E-11  761
 0.1049363427428749E+00  0.3802333011031195E+03  0.1133E-11  762
 0.1049237381874087E+00  0.3807333101249985E+03  0.1104E-11  763
 0.1049105253923419E+00  0.3812333204983689E+03  0.1088E-11  764
 0.1048979107611215E+00  0.3817333322003975E+03  0.1089E-11  765
 0.1048866568043268E+00  0.3822333443672543E+03  0.1103E-11  766
 0.1048766637481581E+00  0.3827333559044960E+03  0.1114E-11  767
 0.1048671181211615E+00  0.3832333661532626E+03  0.1115E-11  768
 0.1048570294580486E+00  0.3837333752161206E+03  0.1097E-11  769
 0.1048457889672725E+00  0.3842333838174114E+03  0.1097E-11  770
 0.1048334457668197E+00  0.3847333928540146E+03  0.1054E-11  771
 0.1048206072305765E+00  0.3852334029234867E+03  0.1024E-11  772
 0.1048080797038622E+00  0.3857334140683994E+03  0.1020E-11  773
 0.1047964682346973E+00  0.3862334258217318E+03  0.1025E-11  774
 0.1047859288098950E+00  0.3867334374779250E+03  0.1052E-11  775
 0.1047761564160662E+00  0.3872334484270629E+03  0.1046E-11  776
 0.1047665697648309E+00  0.3877334583951770E+03  0.1064E-11  777
 0.1047565777973638E+00  0.3882334675091028E+03  0.1038E-11  778
 0.1047458050277640E+00  0.3887334761949081E+03  0.1050E-11  779
 0.1047341983868843E+00  0.3892334849826486E+03  0.9920E-12  780
 0.1047220007241185E+00  0.3897334943082555E+03  0.9950E-12  781
 0.1047096285293183E+00  0.3902335043824409E+03  0.9720E-12  782
 0.1046975149948527E+00  0.3907335151566830E+03  0.9816E-12  783
 0.1046859766537968E+00  0.3912335263760086E+03  0.9805E-12  784
 0.1046751397571022E+00  0.3917335376840488E+03  0.9861E-12  785
 0.1046649351776426E+00  0.3922335487365175E+03  0.9889E-12  786
 0.1046551477319333E+00  0.3927335592894889E+03  0.1008E-11  787
 0.1046454936808506E+00  0.3932335692434258E+03  0.9917E-12  788
 0.1046356992635680E+00  0.3937335786423691E+03  0.9753E-12  789
 0.1046255602686571E+00  0.3942335876391538E+03  0.9708E-12  790
 0.1046149729991742E+00  0.3947335964436586E+03  0.9736E-12  791
 0.1046039368055362E+00  0.3952336052700810E+03  0.9512E-12  792
 0.1045925349946311E+00  0.3957336142954714E+03  0.9419E-12  793
 0.1045809036705602E+00  0.3962336236346557E+03  0.9286E-12  794
 0.1045691980799071E+00  0.3967336333329212E+03  0.9147E-12  795
 0.1045575635279858E+00  0.3972336433725263E+03  0.9060E-12  796
 0.1045461150570523E+00  0.3977336536884980E+03  0.8955E-12  797
 0.1045349269762926E+00  0.3982336641880757E+03  0.8983E-12  798
 0.1045240314051119E+00  0.3987336747696335E+03  0.9146E-12  799
 0.1045134234008263E+00  0.3992336853380644E+03  0.9048E-12  800
 0.1045030699803339E+00  0.3997336958151747E+03  0.8870E-12  801
 0.1044929206096797E+00  0.4002337061451399E+03  0.8821E-12  802
 0.1044829170766414E+00  0.4007337162954549E+03  0.9208E-12  803
 0.1044730016785659E+00  0.4012337262548841E+03  0.9012E-12  804
 0.1044631230085735E+00  0.4017337360293454E+03  0.8980E-12  805
 0.1044532394459173E+00  0.4022337456369712E+03  0.8962E-12  806
 0.1044433205774096E+00  0.4027337551034731E+03  0.8916E-12  807
 0.1044333470241040E+00  0.4032337644577634E+03  0.8776E-12  808
 0.1044233092337722E+00  0.4037337737288124E+03  0.8942E-12  809
 0.1044132056949255E+00  0.4042337829432864E+03  0.8857E-12  810
 0.1044030409054112E+00  0.4047337921240796E+03  0.8614E-12  811
 0.1043928234598804E+00  0.4052338012898097E+03  0.8546E-12  812
 0.1043825643516910E+00  0.4057338104547360E+03  0.8561E-12  813
 0.1043722756215281E+00  0.4062338196290584E+03  0.8511E-12  814
 0.1043619692698287E+00  0.4067338288195299E+03  0.8432E-12  815
 0.1043516565523437E+00  0.4072338380301236E+03  0.8412E-12  816
 0.1043413475294949E+00  0.4077338472628036E+03  0.8286E-12  817
 0.1043310507945254E+00  0.4082338565181867E+03  0.8232E-12  818
 0.1043207733419573E+00  0.4087338657960188E+03  0.8249E-12  819
 0.1043105205723326E+00  0.4092338750957720E+03  0.8292E-12  820
 0.1043002962927561E+00  0.4097338844169388E+03  0.8277E-12  821
 0.1042901027657499E+00  0.4102338937593311E+03  0.8117E-12  822
 0.1042799406828242E+00  0.4107339031232260E+03  0.7952E-12  823
 0.1042698092407115E+00  0.4112339125093942E+03  0.7743E-12  824
 0.1042597059906577E+00  0.4117339219191120E+03  0.8004E-12  825
 0.1042496268514668E+00  0.4122339313539239E+03  0.7935E-12  826
 0.1042395659862829E+00  0.4127339408153680E+03  0.7730E-12  827
 0.1042295157109043E+00  0.4132339503046531E+03  0.7927E-12  828
 0.1042194665545492E+00  0.4137339598220459E+03  0.7760E-12  829
 0.1042094072417819E+00  0.4142339693662723E+03  0.7717E-12  830
 0.1041993249974966E+00  0.4147339789337539E+03  0.8076E-12  831
 0.1041892060551899E+00  0.4152339885178500E+03  0.7598E-12  832
 0.1041790363271164E+00  0.4157339981079531E+03  0.7787E-12  833
 0.1041688026457808E+00  0.4162340076888732E+03  0.7779E-12  834
 0.1041584941936397E+00  0.4167340172402664E+03  0.7460E-12  835
 0.1041481044170432E+00  0.4172340267367333E+03  0.7647E-12  836
 0.1041376332574811E+00  0.4177340361482953E+03  0.7524E-12  837
 0.1041270893848379E+00  0.4182340454417093E+03  0.7617E-12  838
 0.1041164924447730E+00  0.4187340545830737E+03  0.7514E-12  839
 0.1041058745767596E+00  0.4192340635411529E+03  0.7345E-12  840
 0.1040952810024640E+00  0.4197340722921330E+03  0.7484E-12  841
 0.1040847689401158E+00  0.4202340808248312E+03  0.7433E-12  842
 0.1040744042453844E+00  0.4207340891464141E+03  0.7191E-12  843
 0.1040642555748438E+00  0.4212340972874667E+03  0.7356E-12  844
 0.1040543858728621E+00  0.4217341053051354E+03  0.6976E-12  845
 0.1040448415271162E+00  0.4222341132832342E+03  0.6793E-12  846
 0.1040356405194996E+00  0.4227341213279760E+03  0.7025E-12  847
 0.1040267613257557E+00  0.4232341295580550E+03  0.6900E-12  848
 0.1040181350009653E+00  0.4237341380891926E+03  0.6875E-12  849
 0.1040096436423765E+00  0.4242341470139372E+03  0.6774E-12  850
 0.1040011277344708E+00  0.4247341563793763E+03  0.6768E-12  851
 0.1039924042893837E+00  0.4252341661666355E+03  0.6751E-12  852
 0.1039832955481660E+00  0.4257341762778805E+03  0.6859E-12  853
 0.1039736653848809E+00  0.4262341865361505E+03  0.7100E-12  854
 0.1039634573574677E+00  0.4267341967031165E+03  0.6909E-12  855
 0.1039527252912424E+00  0.4272342065160119E+03  0.7023E-12  856
 0.1039416462264369E+00  0.4277342157413957E+03  0.6899E-12  857
 0.1039305057795120E+00  0.4282342242363795E+03  0.6859E-12  858
 0.1039196513112204E+00  0.4287342320033672E+03  0.6730E-12  859
 0.1039094155726391E+00  0.4292342392194621E+03  0.6590E-12  860
 0.1039000246946381E+00  0.4297342462245355E+03  0.6396E-12  861
 0.1038915141438203E+00  0.4302342534582657E+03  0.6502E-12  862
 0.1038836822312303E+00  0.4307342613512295E+03  0.6392E-12  863
 0.1038761074076772E+00  0.4312342701933403E+03  0.6330E-12  864
 0.1038682412443707E+00  0.4317342800175919E+03  0.6353E-12  865
 0.1038595651470458E+00  0.4322342905447380E+03  0.6699E-12  866
 0.1038497708336241E+00  0.4327343012247177E+03  0.6500E-12  867
 0.1038389035315061E+00  0.4332343113848801E+03  0.6603E-12  868
 0.1038274032746606E+00  0.4337343204550950E+03  0.6610E-12  869
 0.1038160015362116E+00  0.4342343282005070E+03  0.6383E-12  870
 0.1038054792367522E+00  0.4347343348664971E+03  0.6253E-12  871
 0.1037963555695528E+00  0.4352343411521784E+03  0.5974E-12  872
 0.1037886294192954E+00  0.4357343479826000E+03  0.6011E-12  873
 0.1037817046517182E+00  0.4362343561366768E+03  0.6126E-12  874
 0.1037745759533534E+00  0.4367343658751294E+03  0.6081E-12  875
 0.1037662412484720E+00  0.4372343767482355E+03  0.6212E-12  876
 0.1037561836466650E+00  0.4377343877169470E+03  0.6249E-12  877
 0.1037446917241698E+00  0.4382343975901607E+03  0.6190E-12  878
 0.1037328170747247E+00  0.4387344056148323E+03  0.6074E-12  879
 0.1037219165986246E+00  0.4392344119307972E+03  0.6063E-12  880
 0.1037129501519301E+00  0.4397344176076643E+03  0.5725E-12  881
 0.1037058908914025E+00  0.4402344241571664E+03  0.5819E-12  882
 0.1036996230518745E+00  0.4407344327098403E+03  0.5838E-12  883
 0.1036924802639451E+00  0.4412344432978042E+03  0.5935E-12  884
 0.1036832019227704E+00  0.4417344547110338E+03  0.6006E-12  885
 0.1036717697203036E+00  0.4422344651183118E+03  0.6021E-12  886
 0.1036595574343703E+00  0.4427344731799402E+03  0.5795E-12  887
 0.1036485727204542E+00  0.4432344789914909E+03  0.5775E-12  888
 0.1036401549337060E+00  0.4437344841750458E+03  0.5502E-12  889
 0.1036339643409461E+00  0.4442344909030472E+03  0.5454E-12  890
 0.1036280545592143E+00  0.4447345003918332E+03  0.5506E-12  891
 0.1036201461775513E+00  0.4452345119115278E+03  0.5652E-12  892
 0.1036093111776294E+00  0.4457345231463783E+03  0.5728E-12  893
 0.1035968197804448E+00  0.4462345318270920E+03  0.5668E-12  894
 0.1035853495241273E+00  0.4467345375306332E+03  0.5548E-12  895
 0.1035769481189894E+00  0.4472345422016972E+03  0.5395E-12  896
 0.1035712710601482E+00  0.4477345487587298E+03  0.5444E-12  897
 0.1035656575092772E+00  0.4482345587003733E+03  0.5513E-12  898
 0.1035572368536834E+00  0.4487345706803020E+03  0.5650E-12  899
 0.1035454534077616E+00  0.4492345814544290E+03  0.5580E-12  900
 0.1035327698319303E+00  0.4497345886532695E+03  0.5509E-12  901
 0.1035226486718687E+00  0.4502345930532967E+03  0.5251E-12  902
 0.1035163556870017E+00  0.4507345981118385E+03  0.5224E-12  903
 0.1035115510699455E+00  0.4512346068422561E+03  0.5221E-12  904
 0.1035043108614776E+00  0.4517346188040461E+03  0.5409E-12  905
 0.1034929475117656E+00  0.4522346302765578E+03  0.5510E-12  906
 0.1034799136453161E+00  0.4527346378152463E+03  0.5554E-12  907
 0.1034695629688560E+00  0.4532346418778225E+03  0.5156E-12  908
 0.1034636456189256E+00  0.4537346466418942E+03  0.5011E-12  909
 0.1034592023833340E+00  0.4542346557333970E+03  0.5126E-12  910
 0.1034515046988457E+00  0.4547346681646752E+03  0.5303E-12  911
 0.1034392613963506E+00  0.4552346791209259E+03  0.5291E-12  912
 0.1034263469552256E+00  0.4557346852141167E+03  0.5159E-12  913
 0.1034176400349542E+00  0.4562346885535461E+03  0.4979E-12  914
 0.1034132707990339E+00  0.4567346946218896E+03  0.5037E-12  915
 0.1034081363850265E+00  0.4572347058469855E+03  0.5164E-12  916
 0.1033978508559611E+00  0.4577347184056397E+03  0.5311E-12  917
 0.1033842877083335E+00  0.4582347266056711E+03  0.5168E-12  918
 0.1033736078187383E+00  0.4587347300201629E+03  0.4732E-12  919
 0.1033685433657597E+00  0.4592347343946741E+03  0.4794E-12  920
 0.1033645658793631E+00  0.4597347444555615E+03  0.4966E-12  921
 0.1033555103574507E+00  0.4602347575102998E+03  0.5014E-12  922
 0.1033418604433231E+00  0.4607347666609061E+03  0.4989E-12  923
 0.1033304894064211E+00  0.4612347700769703E+03  0.4794E-12  924
 0.1033253950383809E+00  0.4617347738851113E+03  0.4700E-12  925
 0.1033218135380693E+00  0.4622347838972431E+03  0.4820E-12  926
 0.1033126165776382E+00  0.4627347971733395E+03  0.5026E-12  927
 0.1032986420781397E+00  0.4632348058448154E+03  0.4850E-12  928
 0.1032879031765687E+00  0.4637348085563527E+03  0.4744E-12  929
 0.1032838699960004E+00  0.4642348128974127E+03  0.4721E-12  930
 0.1032798800454929E+00  0.4647348242392936E+03  0.4765E-12  931
 0.1032689690636775E+00  0.4652348372549842E+03  0.4994E-12  932
 0.1032548346553213E+00  0.4657348437534607E+03  0.4834E-12  933
 0.1032464983209104E+00  0.4662348456274206E+03  0.4496E-12  934
 0.1032439430264077E+00  0.4667348523264319E+03  0.4615E-12  935
 0.1032376730717420E+00  0.4672348656973300E+03  0.4808E-12  936
 0.1032240540698283E+00  0.4677348765328114E+03  0.4684E-12  937
 0.1032117331546811E+00  0.4682348795426085E+03  0.4451E-12  938
 0.1032074794461345E+00  0.4687348826013522E+03  0.4181E-12  939
 0.1032043548644113E+00  0.4692348937562690E+03  0.4644E-12  940
 0.1031932315276121E+00  0.4697349071232769E+03  0.4723E-12  941
 0.1031788773727583E+00  0.4702349126734493E+03  0.4466E-12  942
 0.1031720551458933E+00  0.4707349140521219E+03  0.4240E-12  943
 0.1031702129500980E+00  0.4712349225961186E+03  0.4432E-12  944
 0.1031615785629583E+00  0.4717349368028862E+03  0.4597E-12  945
 0.1031466653023341E+00  0.4722349445636851E+03  0.4377E-12  946
 0.1031378551585929E+00  0.4727349454927189E+03  0.4263E-12  947
 0.1031363185913553E+00  0.4732349521951146E+03  0.4323E-12  948
 0.1031292683714651E+00  0.4737349665126663E+03  0.4531E-12  949
 0.1031142968708582E+00  0.4742349754872687E+03  0.4367E-12  950
 0.1031045560622666E+00  0.4747349762658629E+03  0.4136E-12  951
 0.1031031994646211E+00  0.4752349822232653E+03  0.4310E-12  952
 0.1030966106720650E+00  0.4757349966686911E+03  0.4285E-12  953
 0.1030814567654034E+00  0.4762350057133231E+03  0.4427E-12  954
 0.1030719519033478E+00  0.4767350061486873E+03  0.4084E-12  955
 0.1030709997084114E+00  0.4772350125547078E+03  0.4205E-12  956
 0.1030636471919202E+00  0.4777350273474848E+03  0.4235E-12  957
 0.1030481374142315E+00  0.4782350351996345E+03  0.4248E-12  958
 0.1030401726364539E+00  0.4787350352092315E+03  0.3927E-12  959
 0.1030395729299085E+00  0.4792350434069345E+03  0.4239E-12  960
 0.1030300851286669E+00  0.4797350583179268E+03  0.4373E-12  961
 0.1030146734654675E+00  0.4802350635961925E+03  0.4004E-12  962
 0.1030096077704378E+00  0.4807350639066988E+03  0.3949E-12  963
 0.1030083231556758E+00  0.4812350751853431E+03  0.4271E-12  964
 0.1029955418832458E+00  0.4817350888356133E+03  0.4145E-12  965
 0.1029819736083116E+00  0.4822350905935117E+03  0.3910E-12  966
 0.1029804419322409E+00  0.4827350933190724E+03  0.3859E-12  967
 0.1029760181269947E+00  0.4832351078937607E+03  0.4029E-12  968
 0.1029602652959690E+00  0.4837351175427137E+03  0.4126E-12  969
 0.1029514753179916E+00  0.4842351167675612E+03  0.3835E-12  970
 0.1029517123608049E+00  0.4847351248895301E+03  0.3769E-12  971
 0.1029413117182526E+00  0.4852351401388511E+03  0.3968E-12  972
 0.1029261150241535E+00  0.4857351433234941E+03  0.3863E-12  973
 0.1029239059614293E+00  0.4862351444383285E+03  0.4002E-12  974
 0.1029207074310422E+00  0.4867351587927436E+03  0.3902E-12  975
 0.1029047543943618E+00  0.4872351689347801E+03  0.3990E-12  976
 0.1028961669322693E+00  0.4877351676223755E+03  0.3562E-12  977
 0.1028968216542404E+00  0.4882351765031782E+03  0.3699E-12  978
 0.1028850322138104E+00  0.4887351915627468E+03  0.3950E-12  979
 0.1028707782266436E+00  0.4892351927617559E+03  0.3567E-12  980
 0.1028706681726059E+00  0.4897351956319820E+03  0.3754E-12  981
 0.1028646506959461E+00  0.4902352116002750E+03  0.3871E-12  982
 0.1028479027642909E+00  0.4907352177592430E+03  0.3800E-12  983
 0.1028440356871851E+00  0.4912352167919626E+03  0.3464E-12  984
 0.1028426675359494E+00  0.4917352304650707E+03  0.3785E-12  985
 0.1028265347598938E+00  0.4922352414641462E+03  0.3726E-12  986
 0.1028181566090257E+00  0.4927352393957260E+03  0.3411E-12  987
 0.1028192877490307E+00  0.4932352493626499E+03  0.3529E-12  988
 0.1028055853996300E+00  0.4937352637508309E+03  0.3706E-12  989
 0.1027934185925308E+00  0.4942352625458577E+03  0.3442E-12  990
 0.1027951766502838E+00  0.4947352688603552E+03  0.3453E-12  991
 0.1027843893332300E+00  0.4952352850369136E+03  0.3574E-12  992
 0.1027696515523061E+00  0.4957352855610083E+03  0.3446E-12  993
 0.1027709605470913E+00  0.4962352890098738E+03  0.3520E-12  994
 0.1027627170433979E+00  0.4967353058393504E+03  0.3835E-12  995
 0.1027464912637360E+00  0.4972353080905181E+03  0.3515E-12  996
 0.1027470460285324E+00  0.4977353096209009E+03  0.3397E-12  997
 0.1027405917257597E+00  0.4982353265569216E+03  0.3598E-12  998
 0.1027236066896392E+00  0.4987353300192801E+03  0.3563E-12  999
 0.1027236383502681E+00  0.4992353304737179E+03  0.3491E-12 1000
 0.1027181090541698E+00  0.4997353474261949E+03  0.3536E-12 1001
